{
 "cells": [
  {
   "cell_type": "code",
   "execution_count": 1,
   "metadata": {
    "collapsed": false
   },
   "outputs": [
    {
     "name": "stdout",
     "output_type": "stream",
     "text": [
      "[1 2 3 4]\n"
     ]
    }
   ],
   "source": [
    "import numpy as np\n",
    "a = np.array([1,2,3,4])\n",
    "print(a)"
   ]
  },
  {
   "cell_type": "code",
   "execution_count": 24,
   "metadata": {
    "collapsed": false
   },
   "outputs": [
    {
     "name": "stdout",
     "output_type": "stream",
     "text": [
      "Vectorized version:1.9989013671875ms\n",
      "For loop:625.2326965332031ms\n"
     ]
    }
   ],
   "source": [
    "import time\n",
    "\n",
    "a = np.random.rand(1000000)\n",
    "b = np.random.rand(1000000)\n",
    "\n",
    "tic = time.time()\n",
    "c = np.dot(a,b)\n",
    "toc  = time.time()\n",
    "\n",
    "print(\"Vectorized version:\" + str(1000*(toc-tic)) + \"ms\")\n",
    "\n",
    "c = 0\n",
    "tic = time.time()\n",
    "for i in range(1000000):\n",
    "    c += a[i]*b[i]\n",
    "\n",
    "toc = time.time()\n",
    "print(\"For loop:\" + str(1000*(toc-tic)) + \"ms\")"
   ]
  },
  {
   "cell_type": "code",
   "execution_count": 18,
   "metadata": {
    "collapsed": false
   },
   "outputs": [
    {
     "name": "stdout",
     "output_type": "stream",
     "text": [
      "[[  56.     0.     4.4   68. ]\n",
      " [   1.2  104.    52.     8. ]\n",
      " [   1.8  135.    99.     0.9]]\n"
     ]
    }
   ],
   "source": [
    "A = np.array([[56.0, 0.0, 4.4, 68.0],\n",
    "              [1.2, 104.0, 52.0, 8.0],\n",
    "              [1.8, 135.0, 99.0, 0.9]])\n",
    "\n",
    "print(A)"
   ]
  },
  {
   "cell_type": "code",
   "execution_count": 22,
   "metadata": {
    "collapsed": false
   },
   "outputs": [
    {
     "name": "stdout",
     "output_type": "stream",
     "text": [
      "[  59.   239.   155.4   76.9]\n"
     ]
    }
   ],
   "source": [
    "cal = A.sum(axis=0)\n",
    "print(cal)"
   ]
  },
  {
   "cell_type": "code",
   "execution_count": 26,
   "metadata": {
    "collapsed": false,
    "scrolled": true
   },
   "outputs": [
    {
     "name": "stdout",
     "output_type": "stream",
     "text": [
      "[[ 94.91525424   0.           2.83140283  88.42652796]\n",
      " [  2.03389831  43.51464435  33.46203346  10.40312094]\n",
      " [  3.05084746  56.48535565  63.70656371   1.17035111]]\n"
     ]
    }
   ],
   "source": [
    "percentage = 100*A/cal.reshape(1,4)\n",
    "print(percentage)"
   ]
  },
  {
   "cell_type": "code",
   "execution_count": 27,
   "metadata": {
    "collapsed": false
   },
   "outputs": [
    {
     "name": "stdout",
     "output_type": "stream",
     "text": [
      "(5,)\n"
     ]
    }
   ],
   "source": [
    "a = np.random.randn(5)\n",
    "print(a.shape)"
   ]
  },
  {
   "cell_type": "code",
   "execution_count": 30,
   "metadata": {
    "collapsed": false
   },
   "outputs": [
    {
     "name": "stdout",
     "output_type": "stream",
     "text": [
      "[-1.33500916  2.33855681  0.73520722  1.13245433  1.20374438]\n",
      "[-1.33500916  2.33855681  0.73520722  1.13245433  1.20374438]\n",
      "10.5230803921\n",
      "[[ 0.01852147 -0.015616    0.16933182 -0.05427925  0.04435866]\n",
      " [-0.015616    0.01316631 -0.14276867  0.04576444 -0.0374001 ]\n",
      " [ 0.16933182 -0.14276867  1.54810936 -0.49624585  0.40554728]\n",
      " [-0.05427925  0.04576444 -0.49624585  0.15907141 -0.12999802]\n",
      " [ 0.04435866 -0.0374001   0.40554728 -0.12999802  0.10623836]]\n"
     ]
    }
   ],
   "source": [
    "print(a)\n",
    "print(a.T)\n",
    "print(np.dot(a,a.T))"
   ]
  },
  {
   "cell_type": "code",
   "execution_count": 31,
   "metadata": {
    "collapsed": false
   },
   "outputs": [
    {
     "name": "stdout",
     "output_type": "stream",
     "text": [
      "[[ 0.26893748 -0.29737952 -0.17856533 -0.27450697 -0.63097272]\n",
      " [-0.29737952  0.32882951  0.19744988  0.30353803  0.69770255]\n",
      " [-0.17856533  0.19744988  0.1185613   0.18226329  0.4189444 ]\n",
      " [-0.27450697  0.30353803  0.18226329  0.28019181  0.6440397 ]\n",
      " [-0.63097272  0.69770255  0.4189444   0.6440397   1.48036851]]\n"
     ]
    }
   ],
   "source": [
    "a = np.random.randn(5,1)\n",
    "print(np.dot(a,a.T))\n",
    "\n",
    "#Always use (5,1) amd not (5,)"
   ]
  },
  {
   "cell_type": "code",
   "execution_count": null,
   "metadata": {
    "collapsed": true
   },
   "outputs": [],
   "source": []
  }
 ],
 "metadata": {
  "anaconda-cloud": {},
  "kernelspec": {
   "display_name": "Python [default]",
   "language": "python",
   "name": "python3"
  },
  "language_info": {
   "codemirror_mode": {
    "name": "ipython",
    "version": 3
   },
   "file_extension": ".py",
   "mimetype": "text/x-python",
   "name": "python",
   "nbconvert_exporter": "python",
   "pygments_lexer": "ipython3",
   "version": "3.5.2"
  }
 },
 "nbformat": 4,
 "nbformat_minor": 1
}
